12345678
1945123
234567
789345
981234
678901
2109834
987123
85234123
34123123
5678901
654987
123098
2345123
567123
129087
189123
890234
789123
2109834
2345679
987890
450123
343456
678912
234890
987654
543210
78123123
8394123
561123
291237
4567890
85234123
890123
567890
123456
987234
423456123
810123
9832123
2945123
1945123123
879123
3456789
983456
890345
6798123
450123
74123123
981234
123789
423987
981234
890567
876543
567890
7890123
654321
789012
4567891
291034
2345678
912345123
456123
7839123
129087
9876543
189123
54123123
1237890
567123
8901234
678901
7398123
254679
43234123
254890
345123
456789
10234123
9834123
1234569
321456
85234123
123789
5678901
290876
987654
43234123
354123
452710
234567
912345123
789456
678912
912345123
1237890
654321
987654